      0.0000000      1.0000000      0.0000000      0.0000000 
      1.0000000      0.9997264      0.0002726      0.0000010 
      2.0000000      0.9989068      0.0010891      0.0000041 
      3.0000000      0.9975439      0.0024462      0.0000099 
      4.0000000      0.9956411      0.0043399      0.0000190 
      5.0000000      0.9932034      0.0067648      0.0000318 
      6.0000000      0.9902363      0.0097145      0.0000491 
      7.0000000      0.9867468      0.0131815      0.0000717 
      8.0000000      0.9827427      0.0171572      0.0001001 
      9.0000000      0.9782328      0.0216319      0.0001353 
     10.0000000      0.9732268      0.0265952      0.0001780 
     11.0000000      0.9677355      0.0320354      0.0002291 
     12.0000000      0.9617704      0.0379401      0.0002895 
     13.0000000      0.9553442      0.0442958      0.0003600 
     14.0000000      0.9484701      0.0510883      0.0004416 
     15.0000000      0.9411623      0.0583025      0.0005352 
     16.0000000      0.9334357      0.0659227      0.0006416 
     17.0000000      0.9253061      0.0739321      0.0007618 
     18.0000000      0.9167898      0.0823137      0.0008966 
     19.0000000      0.9079038      0.0910494      0.0010468 
     20.0000000      0.8986659      0.1001207      0.0012133 
     21.0000000      0.8890943      0.1095087      0.0013970 
     22.0000000      0.8792079      0.1191937      0.0015984 
     23.0000000      0.8690258      0.1291558      0.0018184 
     24.0000000      0.8585678      0.1393746      0.0020576 
     25.0000000      0.8478542      0.1498292      0.0023166 
     26.0000000      0.8369054      0.1604987      0.0025959 
     27.0000000      0.8257422      0.1713617      0.0028960 
     28.0000000      0.8143859      0.1823967      0.0032174 
     29.0000000      0.8028577      0.1935820      0.0035603 
     30.0000000      0.7911791      0.2048958      0.0039251 
     31.0000000      0.7793719      0.2163162      0.0043120 
     32.0000000      0.7674577      0.2278213      0.0047210 
     33.0000000      0.7554584      0.2393893      0.0051522 
     34.0000000      0.7433959      0.2509985      0.0056056 
     35.0000000      0.7312918      0.2626272      0.0060811 
     36.0000000      0.7191678      0.2742538      0.0065784 
     37.0000000      0.7070456      0.2858571      0.0070973 
     38.0000000      0.6949466      0.2974161      0.0076373 
     39.0000000      0.6828918      0.3089100      0.0081982 
     40.0000000      0.6709024      0.3203184      0.0087793 
     41.0000000      0.6589988      0.3316212      0.0093800 
     42.0000000      0.6472015      0.3427988      0.0099997 
     43.0000000      0.6355305      0.3538319      0.0106376 
     44.0000000      0.6240052      0.3647018      0.0112929 
     45.0000000      0.6126449      0.3753903      0.0119648 
     46.0000000      0.6014682      0.3858794      0.0126523 
     47.0000000      0.5904934      0.3961522      0.0133544 
     48.0000000      0.5797380      0.4061920      0.0140700 
     49.0000000      0.5692192      0.4159827      0.0147980 
     50.0000000      0.5589536      0.4255091      0.0155374 
     51.0000000      0.5489569      0.4347563      0.0162868 
     52.0000000      0.5392446      0.4437103      0.0170451 
     53.0000000      0.5298313      0.4523578      0.0178110 
     54.0000000      0.5207308      0.4606860      0.0185832 
     55.0000000      0.5119565      0.4686831      0.0193604 
     56.0000000      0.5035210      0.4763377      0.0201413 
     57.0000000      0.4954361      0.4836394      0.0209245 
     58.0000000      0.4877127      0.4905785      0.0217088 
     59.0000000      0.4803614      0.4971459      0.0224928 
     60.0000000      0.4733916      0.5033334      0.0232751 
     61.0000000      0.4668121      0.5091335      0.0240544 
     62.0000000      0.4606309      0.5145396      0.0248294 
     63.0000000      0.4548553      0.5195458      0.0255989 
     64.0000000      0.4494917      0.5241468      0.0263615 
     65.0000000      0.4445457      0.5283383      0.0271161 
     66.0000000      0.4400220      0.5321166      0.0278614 
     67.0000000      0.4359248      0.5354789      0.0285963 
     68.0000000      0.4322573      0.5384230      0.0293197 
     69.0000000      0.4290219      0.5409477      0.0300304 
     70.0000000      0.4262202      0.5430523      0.0307276 
     71.0000000      0.4238531      0.5447368      0.0314101 
     72.0000000      0.4219207      0.5460021      0.0320772 
     73.0000000      0.4204223      0.5468498      0.0327279 
     74.0000000      0.4193565      0.5472821      0.0333614 
     75.0000000      0.4187211      0.5473018      0.0339771 
     76.0000000      0.4185131      0.5469126      0.0345743 
     77.0000000      0.4187289      0.5461188      0.0351523 
     78.0000000      0.4193642      0.5449251      0.0357107 
     79.0000000      0.4204140      0.5433371      0.0362490 
     80.0000000      0.4218724      0.5413608      0.0367667 
     81.0000000      0.4237333      0.5390030      0.0372637 
     82.0000000      0.4259895      0.5362710      0.0377396 
     83.0000000      0.4286334      0.5331724      0.0381942 
     84.0000000      0.4316569      0.5297157      0.0386275 
     85.0000000      0.4350511      0.5259096      0.0390393 
     86.0000000      0.4388068      0.5217634      0.0394298 
     87.0000000      0.4429140      0.5172870      0.0397990 
     88.0000000      0.4473624      0.5124905      0.0401470 
     89.0000000      0.4521412      0.5073847      0.0404742 
     90.0000000      0.4572390      0.5019804      0.0407806 
     91.0000000      0.4626441      0.4962891      0.0410668 
     92.0000000      0.4683443      0.4903226      0.0413330 
     93.0000000      0.4743273      0.4840930      0.0415798 
     94.0000000      0.4805799      0.4776126      0.0418075 
     95.0000000      0.4870892      0.4708940      0.0420168 
     96.0000000      0.4938415      0.4639503      0.0422082 
     97.0000000      0.5008231      0.4567945      0.0423823 
     98.0000000      0.5080201      0.4494401      0.0425398 
     99.0000000      0.5154180      0.4419005      0.0426815 
    100.0000000      0.5230026      0.4341895      0.0428079 
    101.0000000      0.5307592      0.4263209      0.0429200 
    102.0000000      0.5386731      0.4183086      0.0430183 
    103.0000000      0.5467295      0.4101667      0.0431039 
    104.0000000      0.5549134      0.4019093      0.0431773 
    105.0000000      0.5632098      0.3935506      0.0432396 
    106.0000000      0.5716039      0.3851047      0.0432915 
    107.0000000      0.5800804      0.3765857      0.0433338 
    108.0000000      0.5886246      0.3680079      0.0433675 
    109.0000000      0.5972213      0.3593853      0.0433934 
    110.0000000      0.6058558      0.3507319      0.0434122 
    111.0000000      0.6145133      0.3420617      0.0434249 
    112.0000000      0.6231792      0.3333884      0.0434324 
    113.0000000      0.6318389      0.3247258      0.0434353 
    114.0000000      0.6404781      0.3160874      0.0434345 
    115.0000000      0.6490827      0.3074864      0.0434309 
    116.0000000      0.6576387      0.2989362      0.0434252 
    117.0000000      0.6661324      0.2904495      0.0434181 
    118.0000000      0.6745505      0.2820391      0.0434103 
    119.0000000      0.6828798      0.2737175      0.0434027 
    120.0000000      0.6911073      0.2654968      0.0433959 
    121.0000000      0.6992206      0.2573890      0.0433904 
    122.0000000      0.7072074      0.2494056      0.0433870 
    123.0000000      0.7150559      0.2415578      0.0433863 
    124.0000000      0.7227545      0.2338567      0.0433888 
    125.0000000      0.7302922      0.2263129      0.0433950 
    126.0000000      0.7376581      0.2189364      0.0434054 
    127.0000000      0.7448421      0.2117373      0.0434206 
    128.0000000      0.7518341      0.2047249      0.0434409 
    129.0000000      0.7586248      0.1979084      0.0434668 
    130.0000000      0.7652051      0.1912962      0.0434986 
    131.0000000      0.7715665      0.1848968      0.0435367 
    132.0000000      0.7777009      0.1787179      0.0435813 
    133.0000000      0.7836006      0.1727667      0.0436327 
    134.0000000      0.7892585      0.1670503      0.0436912 
    135.0000000      0.7946680      0.1615750      0.0437570 
    136.0000000      0.7998230      0.1563468      0.0438302 
    137.0000000      0.8047177      0.1513713      0.0439110 
    138.0000000      0.8093471      0.1466533      0.0439996 
    139.0000000      0.8137065      0.1421976      0.0440959 
    140.0000000      0.8177917      0.1380082      0.0442001 
    141.0000000      0.8215992      0.1340886      0.0443122 
    142.0000000      0.8251259      0.1304419      0.0444322 
    143.0000000      0.8283691      0.1270707      0.0445602 
    144.0000000      0.8313268      0.1239772      0.0446960 
    145.0000000      0.8339974      0.1211630      0.0448396 
    146.0000000      0.8363799      0.1186291      0.0449910 
    147.0000000      0.8384736      0.1163763      0.0451501 
    148.0000000      0.8402785      0.1144048      0.0453167 
    149.0000000      0.8417951      0.1127141      0.0454908 
    150.0000000      0.8430241      0.1113036      0.0456722 
    151.0000000      0.8439672      0.1101720      0.0458608 
    152.0000000      0.8446260      0.1093176      0.0460565 
    153.0000000      0.8450028      0.1087382      0.0462589 
    154.0000000      0.8451006      0.1084312      0.0464681 
    155.0000000      0.8449225      0.1083937      0.0466839 
    156.0000000      0.8444721      0.1086220      0.0469059 
    157.0000000      0.8437536      0.1091123      0.0471341 
    158.0000000      0.8427713      0.1098604      0.0473683 
    159.0000000      0.8415303      0.1108615      0.0476083 
    160.0000000      0.8400357      0.1121105      0.0478538 
    161.0000000      0.8382932      0.1136020      0.0481048 
    162.0000000      0.8363088      0.1153302      0.0483610 
    163.0000000      0.8340889      0.1172889      0.0486222 
    164.0000000      0.8316401      0.1194716      0.0488883 
    165.0000000      0.8289695      0.1218716      0.0491590 
    166.0000000      0.8260842      0.1244816      0.0494342 
    167.0000000      0.8229919      0.1272944      0.0497137 
    168.0000000      0.8197005      0.1303022      0.0499973 
    169.0000000      0.8162180      0.1334971      0.0502850 
    170.0000000      0.8125527      0.1368709      0.0505764 
    171.0000000      0.8087132      0.1404153      0.0508715 
    172.0000000      0.8047082      0.1441217      0.0511701 
    173.0000000      0.8005466      0.1479812      0.0514721 
    174.0000000      0.7962376      0.1519850      0.0517774 
    175.0000000      0.7917903      0.1561240      0.0520857 
    176.0000000      0.7872142      0.1603888      0.0523971 
    177.0000000      0.7825186      0.1647701      0.0527113 
    178.0000000      0.7777132      0.1692586      0.0530282 
    179.0000000      0.7728077      0.1738446      0.0533478 
    180.0000000      0.7678116      0.1785185      0.0536699 
    181.0000000      0.7627348      0.1832708      0.0539944 
    182.0000000      0.7575871      0.1880917      0.0543212 
    183.0000000      0.7523781      0.1929715      0.0546503 
    184.0000000      0.7471178      0.1979006      0.0549816 
    185.0000000      0.7418158      0.2028693      0.0553149 
    186.0000000      0.7364818      0.2078681      0.0556502 
    187.0000000      0.7311254      0.2128873      0.0559873 
    188.0000000      0.7257563      0.2179174      0.0563263 
    189.0000000      0.7203838      0.2229492      0.0566670 
    190.0000000      0.7150174      0.2279732      0.0570093 
    191.0000000      0.7096664      0.2329804      0.0573532 
    192.0000000      0.7043396      0.2379617      0.0576986 
    193.0000000      0.6990463      0.2429083      0.0580454 
    194.0000000      0.6937951      0.2478114      0.0583935 
    195.0000000      0.6885946      0.2526625      0.0587428 
    196.0000000      0.6834533      0.2574534      0.0590933 
    197.0000000      0.6783794      0.2621757      0.0594449 
    198.0000000      0.6733808      0.2668218      0.0597974 
    199.0000000      0.6684654      0.2713838      0.0601508 
    200.0000000      0.6636408      0.2758543      0.0605049 
    201.0000000      0.6589140      0.2802262      0.0608598 
    202.0000000      0.6542923      0.2844925      0.0612152 
    203.0000000      0.6497824      0.2886465      0.0615711 
    204.0000000      0.6453907      0.2926820      0.0619273 
    205.0000000      0.6411235      0.2965927      0.0622838 
    206.0000000      0.6369867      0.3003730      0.0626404 
    207.0000000      0.6329859      0.3040172      0.0629970 
    208.0000000      0.6291263      0.3075202      0.0633534 
    209.0000000      0.6254131      0.3108772      0.0637096 
    210.0000000      0.6218509      0.3140836      0.0640655 
    211.0000000      0.6184440      0.3171352      0.0644208 
    212.0000000      0.6151966      0.3200280      0.0647755 
    213.0000000      0.6121122      0.3227584      0.0651293 
    214.0000000      0.6091944      0.3253233      0.0654823 
    215.0000000      0.6064462      0.3277196      0.0658341 
    216.0000000      0.6038703      0.3299449      0.0661848 
    217.0000000      0.6014691      0.3319969      0.0665340 
    218.0000000      0.5992447      0.3338736      0.0668818 
    219.0000000      0.5971988      0.3355734      0.0672278 
    220.0000000      0.5953327      0.3370952      0.0675721 
    221.0000000      0.5936477      0.3384379      0.0679144 
    222.0000000      0.5921444      0.3396011      0.0682545 
    223.0000000      0.5908232      0.3405843      0.0685925 
    224.0000000      0.5896843      0.3413878      0.0689280 
    225.0000000      0.5887273      0.3420117      0.0692610 
    226.0000000      0.5879519      0.3424568      0.0695913 
    227.0000000      0.5873571      0.3427241      0.0699188 
    228.0000000      0.5869419      0.3428148      0.0702434 
    229.0000000      0.5867046      0.3427304      0.0705649 
    230.0000000      0.5866438      0.3424730      0.0708832 
    231.0000000      0.5867572      0.3420445      0.0711983 
    232.0000000      0.5870426      0.3414474      0.0715099 
    233.0000000      0.5874976      0.3406844      0.0718181 
    234.0000000      0.5881191      0.3397583      0.0721226 
    235.0000000      0.5889042      0.3386723      0.0724235 
    236.0000000      0.5898494      0.3374300      0.0727206 
    237.0000000      0.5909514      0.3360347      0.0730139 
    238.0000000      0.5922062      0.3344906      0.0733032 
    239.0000000      0.5936098      0.3328015      0.0735887 
    240.0000000      0.5951581      0.3309718      0.0738701 
    241.0000000      0.5968466      0.3290059      0.0741475 
    242.0000000      0.5986707      0.3269085      0.0744208 
    243.0000000      0.6006256      0.3246843      0.0746901 
    244.0000000      0.6027064      0.3223383      0.0749553 
    245.0000000      0.6049080      0.3198756      0.0752164 
    246.0000000      0.6072250      0.3173016      0.0754734 
    247.0000000      0.6096522      0.3146214      0.0757264 
    248.0000000      0.6121839      0.3118406      0.0759754 
    249.0000000      0.6148147      0.3089649      0.0762204 
    250.0000000      0.6175386      0.3059998      0.0764615 
    251.0000000      0.6203500      0.3029512      0.0766988 
    252.0000000      0.6232429      0.2998248      0.0769323 
    253.0000000      0.6262113      0.2966266      0.0771621 
    254.0000000      0.6292492      0.2933625      0.0773883 
    255.0000000      0.6323506      0.2900385      0.0776109 
    256.0000000      0.6355093      0.2866605      0.0778302 
    257.0000000      0.6387191      0.2832347      0.0780462 
    258.0000000      0.6419741      0.2797669      0.0782590 
    259.0000000      0.6452679      0.2762633      0.0784688 
    260.0000000      0.6485944      0.2727299      0.0786757 
    261.0000000      0.6519476      0.2691725      0.0788799 
    262.0000000      0.6553213      0.2655972      0.0790814 
    263.0000000      0.6587095      0.2620099      0.0792806 
    264.0000000      0.6621061      0.2584164      0.0794775 
    265.0000000      0.6655053      0.2548225      0.0796722 
    266.0000000      0.6689011      0.2512339      0.0798651 
    267.0000000      0.6722877      0.2476562      0.0800562 
    268.0000000      0.6756593      0.2440950      0.0802457 
    269.0000000      0.6790105      0.2405557      0.0804338 
    270.0000000      0.6823356      0.2370437      0.0806207 
    271.0000000      0.6856293      0.2335642      0.0808066 
    272.0000000      0.6888862      0.2301222      0.0809916 
    273.0000000      0.6921012      0.2267228      0.0811760 
    274.0000000      0.6952692      0.2233708      0.0813600 
    275.0000000      0.6983854      0.2200710      0.0815436 
    276.0000000      0.7014450      0.2168278      0.0817272 
    277.0000000      0.7044435      0.2136457      0.0819109 
    278.0000000      0.7073763      0.2105289      0.0820948 
    279.0000000      0.7102393      0.2074815      0.0822792 
    280.0000000      0.7130283      0.2045075      0.0824642 
    281.0000000      0.7157394      0.2016105      0.0826501 
    282.0000000      0.7183689      0.1987942      0.0828369 
    283.0000000      0.7209133      0.1960619      0.0830248 
    284.0000000      0.7233691      0.1934169      0.0832141 
    285.0000000      0.7257331      0.1908621      0.0834048 
    286.0000000      0.7280025      0.1884004      0.0835971 
    287.0000000      0.7301744      0.1860345      0.0837911 
    288.0000000      0.7322462      0.1837668      0.0839870 
    289.0000000      0.7342156      0.1815995      0.0841849 
    290.0000000      0.7360803      0.1795348      0.0843849 
    291.0000000      0.7378384      0.1775744      0.0845872 
    292.0000000      0.7394881      0.1757201      0.0847919 
    293.0000000      0.7410278      0.1739733      0.0849989 
    294.0000000      0.7424562      0.1723352      0.0852086 
    295.0000000      0.7437721      0.1708071      0.0854208 
    296.0000000      0.7449746      0.1693896      0.0856358 
    297.0000000      0.7460628      0.1680836      0.0858535 
    298.0000000      0.7470364      0.1668895      0.0860741 
    299.0000000      0.7478948      0.1658076      0.0862976 
    300.0000000      0.7486380      0.1648380      0.0865240 
    301.0000000      0.7492660      0.1639806      0.0867534 
    302.0000000      0.7497790      0.1632352      0.0869858 
    303.0000000      0.7501775      0.1626012      0.0872212 
    304.0000000      0.7504621      0.1620781      0.0874597 
    305.0000000      0.7506337      0.1616651      0.0877012 
    306.0000000      0.7506931      0.1613611      0.0879458 
    307.0000000      0.7506416      0.1611650      0.0881934 
    308.0000000      0.7504805      0.1610754      0.0884441 
    309.0000000      0.7502113      0.1610910      0.0886977 
    310.0000000      0.7498357      0.1612099      0.0889543 
    311.0000000      0.7493556      0.1614306      0.0892139 
    312.0000000      0.7487728      0.1617509      0.0894763 
    313.0000000      0.7480896      0.1621688      0.0897416 
    314.0000000      0.7473081      0.1626821      0.0900097 
    315.0000000      0.7464310      0.1632884      0.0902806 
    316.0000000      0.7454606      0.1639853      0.0905541 
    317.0000000      0.7443997      0.1647701      0.0908302 
    318.0000000      0.7432510      0.1656401      0.0911089 
    319.0000000      0.7420175      0.1665924      0.0913900 
    320.0000000      0.7407023      0.1676242      0.0916735 
    321.0000000      0.7393083      0.1687323      0.0919593 
    322.0000000      0.7378389      0.1699137      0.0922473 
    323.0000000      0.7362973      0.1711652      0.0925375 
    324.0000000      0.7346870      0.1724834      0.0928296 
    325.0000000      0.7330113      0.1738650      0.0931236 
    326.0000000      0.7312739      0.1753065      0.0934195 
    327.0000000      0.7294783      0.1768045      0.0937171 
    328.0000000      0.7276282      0.1783555      0.0940164 
    329.0000000      0.7257272      0.1799557      0.0943171 
    330.0000000      0.7237791      0.1816016      0.0946193 
    331.0000000      0.7217877      0.1832896      0.0949228 
    332.0000000      0.7197567      0.1850158      0.0952275 
    333.0000000      0.7176900      0.1867767      0.0955332 
    334.0000000      0.7155914      0.1885685      0.0958400 
    335.0000000      0.7134648      0.1903875      0.0961477 
    336.0000000      0.7113140      0.1922299      0.0964562 
    337.0000000      0.7091428      0.1940919      0.0967653 
    338.0000000      0.7069550      0.1959699      0.0970751 
    339.0000000      0.7047545      0.1978602      0.0973853 
    340.0000000      0.7025450      0.1997591      0.0976959 
    341.0000000      0.7003303      0.2016630      0.0980067 
    342.0000000      0.6981140      0.2035681      0.0983178 
    343.0000000      0.6959000      0.2054711      0.0986290 
    344.0000000      0.6936917      0.2073682      0.0989401 
    345.0000000      0.6914927      0.2092561      0.0992512 
    346.0000000      0.6893066      0.2111314      0.0995620 
    347.0000000      0.6871367      0.2129906      0.0998726 
    348.0000000      0.6849865      0.2148306      0.1001829 
    349.0000000      0.6828593      0.2166480      0.1004927 
    350.0000000      0.6807582      0.2184398      0.1008020 
    351.0000000      0.6786864      0.2202029      0.1011107 
    352.0000000      0.6766470      0.2219343      0.1014188 
    353.0000000      0.6746428      0.2236311      0.1017261 
    354.0000000      0.6726768      0.2252906      0.1020326 
    355.0000000      0.6707517      0.2269101      0.1023382 
    356.0000000      0.6688701      0.2284870      0.1026429 
    357.0000000      0.6670347      0.2300187      0.1029466 
    358.0000000      0.6652477      0.2315030      0.1032493 
    359.0000000      0.6635116      0.2329375      0.1035508 
    360.0000000      0.6618286      0.2343202      0.1038512 
    361.0000000      0.6602008      0.2356489      0.1041504 
    362.0000000      0.6586300      0.2369217      0.1044483 
    363.0000000      0.6571182      0.2381368      0.1047449 
    364.0000000      0.6556671      0.2392927      0.1050402 
    365.0000000      0.6542783      0.2403876      0.1053341 
    366.0000000      0.6529532      0.2414201      0.1056266 
    367.0000000      0.6516933      0.2423890      0.1059177 
    368.0000000      0.6504997      0.2432931      0.1062073 
    369.0000000      0.6493734      0.2441312      0.1064954 
    370.0000000      0.6483156      0.2449025      0.1067819 
    371.0000000      0.6473269      0.2456062      0.1070669 
    372.0000000      0.6464081      0.2462415      0.1073504 
    373.0000000      0.6455598      0.2468079      0.1076322 
    374.0000000      0.6447825      0.2473051      0.1079125 
    375.0000000      0.6440763      0.2477326      0.1081911 
    376.0000000      0.6434416      0.2480903      0.1084681 
    377.0000000      0.6428784      0.2483781      0.1087434 
    378.0000000      0.6423866      0.2485962      0.1090172 
    379.0000000      0.6419661      0.2487447      0.1092892 
    380.0000000      0.6416165      0.2488238      0.1095597 
    381.0000000      0.6413375      0.2488341      0.1098284 
    382.0000000      0.6411285      0.2487760      0.1100956 
    383.0000000      0.6409888      0.2486501      0.1103610 
    384.0000000      0.6409178      0.2484574      0.1106249 
    385.0000000      0.6409144      0.2481985      0.1108871 
    386.0000000      0.6409778      0.2478745      0.1111477 
    387.0000000      0.6411069      0.2474864      0.1114067 
    388.0000000      0.6413005      0.2470354      0.1116641 
    389.0000000      0.6415574      0.2465228      0.1119199 
    390.0000000      0.6418761      0.2459498      0.1121741 
    391.0000000      0.6422552      0.2453180      0.1124268 
    392.0000000      0.6426931      0.2446289      0.1126780 
    393.0000000      0.6431883      0.2438840      0.1129277 
    394.0000000      0.6437390      0.2430851      0.1131759 
    395.0000000      0.6443435      0.2422339      0.1134227 
    396.0000000      0.6449998      0.2413322      0.1136680 
    397.0000000      0.6457061      0.2403819      0.1139120 
    398.0000000      0.6464605      0.2393850      0.1141546 
    399.0000000      0.6472607      0.2383435      0.1143958 
    400.0000000      0.6481049      0.2372594      0.1146358 
    401.0000000      0.6489907      0.2361348      0.1148745 
    402.0000000      0.6499161      0.2349720      0.1151119 
    403.0000000      0.6508787      0.2337731      0.1153482 
    404.0000000      0.6518764      0.2325402      0.1155833 
    405.0000000      0.6529068      0.2312758      0.1158173 
    406.0000000      0.6539676      0.2299821      0.1160503 
    407.0000000      0.6550564      0.2286614      0.1162822 
    408.0000000      0.6561709      0.2273160      0.1165132 
    409.0000000      0.6573086      0.2259482      0.1167432 
    410.0000000      0.6584672      0.2245605      0.1169723 
    411.0000000      0.6596442      0.2231552      0.1172006 
    412.0000000      0.6608372      0.2217347      0.1174281 
    413.0000000      0.6620439      0.2203013      0.1176548 
    414.0000000      0.6632617      0.2188574      0.1178809 
    415.0000000      0.6644884      0.2174053      0.1181063 
    416.0000000      0.6657215      0.2159474      0.1183311 
    417.0000000      0.6669587      0.2144859      0.1185554 
    418.0000000      0.6681976      0.2130233      0.1187792 
    419.0000000      0.6694358      0.2115617      0.1190025 
    420.0000000      0.6706712      0.2101033      0.1192255 
    421.0000000      0.6719014      0.2086505      0.1194481 
    422.0000000      0.6731242      0.2072053      0.1196705 
    423.0000000      0.6743375      0.2057699      0.1198926 
    424.0000000      0.6755390      0.2043463      0.1201146 
    425.0000000      0.6767268      0.2029367      0.1203365 
    426.0000000      0.6778987      0.2015430      0.1205583 
    427.0000000      0.6790527      0.2001672      0.1207801 
    428.0000000      0.6801869      0.1988111      0.1210020 
    429.0000000      0.6812994      0.1974766      0.1212240 
    430.0000000      0.6823885      0.1961654      0.1214461 
    431.0000000      0.6834522      0.1948794      0.1216684 
    432.0000000      0.6844890      0.1936200      0.1218910 
    433.0000000      0.6854971      0.1923889      0.1221140 
    434.0000000      0.6864751      0.1911877      0.1223372 
    435.0000000      0.6874214      0.1900177      0.1225609 
    436.0000000      0.6883346      0.1888803      0.1227851 
    437.0000000      0.6892133      0.1877769      0.1230098 
    438.0000000      0.6900563      0.1867087      0.1232350 
    439.0000000      0.6908624      0.1856768      0.1234608 
    440.0000000      0.6916304      0.1846823      0.1236873 
    441.0000000      0.6923593      0.1837262      0.1239144 
    442.0000000      0.6930482      0.1828095      0.1241423 
    443.0000000      0.6936961      0.1819329      0.1243710 
    444.0000000      0.6943023      0.1810973      0.1246004 
    445.0000000      0.6948660      0.1803033      0.1248307 
    446.0000000      0.6953865      0.1795516      0.1250619 
    447.0000000      0.6958634      0.1788427      0.1252939 
    448.0000000      0.6962961      0.1781770      0.1255269 
    449.0000000      0.6966842      0.1775549      0.1257609 
    450.0000000      0.6970274      0.1769767      0.1259959 
    451.0000000      0.6973255      0.1764426      0.1262319 
    452.0000000      0.6975783      0.1759528      0.1264689 
    453.0000000      0.6977857      0.1755074      0.1267070 
    454.0000000      0.6979477      0.1751062      0.1269461 
    455.0000000      0.6980644      0.1747493      0.1271863 
    456.0000000      0.6981359      0.1744364      0.1274277 
    457.0000000      0.6981625      0.1741673      0.1276702 
    458.0000000      0.6981445      0.1739418      0.1279137 
    459.0000000      0.6980821      0.1737594      0.1281585 
    460.0000000      0.6979759      0.1736197      0.1284043 
    461.0000000      0.6978264      0.1735222      0.1286513 
    462.0000000      0.6976341      0.1734664      0.1288995 
    463.0000000      0.6973997      0.1734515      0.1291488 
    464.0000000      0.6971239      0.1734769      0.1293992 
    465.0000000      0.6968075      0.1735418      0.1296507 
    466.0000000      0.6964512      0.1736455      0.1299034 
    467.0000000      0.6960560      0.1737869      0.1301571 
    468.0000000      0.6956227      0.1739653      0.1304120 
    469.0000000      0.6951525      0.1741796      0.1306679 
    470.0000000      0.6946463      0.1744288      0.1309249 
    471.0000000      0.6941052      0.1747119      0.1311830 
    472.0000000      0.6935303      0.1750276      0.1314421 
    473.0000000      0.6929229      0.1753750      0.1317021 
    474.0000000      0.6922841      0.1757527      0.1319632 
    475.0000000      0.6916152      0.1761596      0.1322252 
    476.0000000      0.6909176      0.1765943      0.1324881 
    477.0000000      0.6901924      0.1770557      0.1327519 
    478.0000000      0.6894411      0.1775423      0.1330166 
    479.0000000      0.6886651      0.1780528      0.1332821 
    480.0000000      0.6878658      0.1785858      0.1335484 
    481.0000000      0.6870446      0.1791400      0.1338155 
    482.0000000      0.6862029      0.1797138      0.1340833 
    483.0000000      0.6853422      0.1803060      0.1343518 
    484.0000000      0.6844640      0.1809151      0.1346209 
    485.0000000      0.6835698      0.1815395      0.1348907 
    486.0000000      0.6826611      0.1821779      0.1351610 
    487.0000000      0.6817394      0.1828288      0.1354319 
    488.0000000      0.6808062      0.1834906      0.1357032 
    489.0000000      0.6798630      0.1841620      0.1359750 
    490.0000000      0.6789113      0.1848415      0.1362472 
    491.0000000      0.6779527      0.1855275      0.1365198 
    492.0000000      0.6769885      0.1862188      0.1367927 
    493.0000000      0.6760204      0.1869137      0.1370659 
    494.0000000      0.6750498      0.1876109      0.1373393 
    495.0000000      0.6740781      0.1883090      0.1376129 
    496.0000000      0.6731069      0.1890065      0.1378866 
    497.0000000      0.6721374      0.1897021      0.1381605 
    498.0000000      0.6711712      0.1903944      0.1384344 
    499.0000000      0.6702096      0.1910820      0.1387084 
    500.0000000      0.6692540      0.1917637      0.1389823 
    501.0000000      0.6683056      0.1924382      0.1392562 
    502.0000000      0.6673659      0.1931041      0.1395299 
    503.0000000      0.6664361      0.1937604      0.1398036 
    504.0000000      0.6655173      0.1944057      0.1400770 
    505.0000000      0.6646109      0.1950388      0.1403502 
    506.0000000      0.6637180      0.1956588      0.1406232 
    507.0000000      0.6628397      0.1962645      0.1408959 
    508.0000000      0.6619771      0.1968547      0.1411682 
    509.0000000      0.6611312      0.1974286      0.1414402 
    510.0000000      0.6603031      0.1979851      0.1417118 
    511.0000000      0.6594938      0.1985233      0.1419829 
    512.0000000      0.6587041      0.1990423      0.1422536 
    513.0000000      0.6579349      0.1995413      0.1425237 
    514.0000000      0.6571872      0.2000195      0.1427934 
    515.0000000      0.6564615      0.2004760      0.1430625 
    516.0000000      0.6557588      0.2009102      0.1433310 
    517.0000000      0.6550796      0.2013215      0.1435989 
    518.0000000      0.6544246      0.2017092      0.1438662 
    519.0000000      0.6537945      0.2020728      0.1441328 
    520.0000000      0.6531896      0.2024116      0.1443987 
    521.0000000      0.6526107      0.2027254      0.1446640 
    522.0000000      0.6520580      0.2030135      0.1449285 
    523.0000000      0.6515319      0.2032758      0.1451923 
    524.0000000      0.6510329      0.2035117      0.1454554 
    525.0000000      0.6505611      0.2037212      0.1457177 
    526.0000000      0.6501169      0.2039039      0.1459792 
    527.0000000      0.6497004      0.2040597      0.1462399 
    528.0000000      0.6493118      0.2041884      0.1464999 
    529.0000000      0.6489511      0.2042899      0.1467590 
    530.0000000      0.6486184      0.2043643      0.1470173 
    531.0000000      0.6483136      0.2044116      0.1472748 
    532.0000000      0.6480368      0.2044317      0.1475315 
    533.0000000      0.6477878      0.2044249      0.1477873 
    534.0000000      0.6475664      0.2043912      0.1480423 
    535.0000000      0.6473726      0.2043309      0.1482965 
    536.0000000      0.6472059      0.2042442      0.1485499 
    537.0000000      0.6470662      0.2041314      0.1488024 
    538.0000000      0.6469531      0.2039927      0.1490541 
    539.0000000      0.6468663      0.2038287      0.1493050 
    540.0000000      0.6468053      0.2036396      0.1495551 
    541.0000000      0.6467696      0.2034260      0.1498044 
    542.0000000      0.6467589      0.2031882      0.1500529 
    543.0000000      0.6467725      0.2029269      0.1503006 
    544.0000000      0.6468100      0.2026425      0.1505475 
    545.0000000      0.6468707      0.2023357      0.1507936 
    546.0000000      0.6469540      0.2020070      0.1510390 
    547.0000000      0.6470592      0.2016572      0.1512837 
    548.0000000      0.6471856      0.2012868      0.1515276 
    549.0000000      0.6473326      0.2008966      0.1517708 
    550.0000000      0.6474994      0.2004873      0.1520133 
    551.0000000      0.6476852      0.2000597      0.1522551 
    552.0000000      0.6478892      0.1996145      0.1524963 
    553.0000000      0.6481107      0.1991525      0.1527368 
    554.0000000      0.6483487      0.1986746      0.1529767 
    555.0000000      0.6486025      0.1981815      0.1532160 
    556.0000000      0.6488711      0.1976741      0.1534547 
    557.0000000      0.6491537      0.1971534      0.1536929 
    558.0000000      0.6494494      0.1966201      0.1539305 
    559.0000000      0.6497573      0.1960751      0.1541676 
    560.0000000      0.6500764      0.1955194      0.1544041 
    561.0000000      0.6504059      0.1949539      0.1546402 
    562.0000000      0.6507448      0.1943794      0.1548758 
    563.0000000      0.6510921      0.1937968      0.1551110 
    564.0000000      0.6514470      0.1932072      0.1553458 
    565.0000000      0.6518084      0.1926114      0.1555802 
    566.0000000      0.6521754      0.1920103      0.1558143 
    567.0000000      0.6525472      0.1914049      0.1560480 
    568.0000000      0.6529227      0.1907960      0.1562813 
    569.0000000      0.6533010      0.1901846      0.1565144 
    570.0000000      0.6536811      0.1895716      0.1567473 
    571.0000000      0.6540623      0.1889579      0.1569798 
    572.0000000      0.6544435      0.1883443      0.1572122 
    573.0000000      0.6548239      0.1877318      0.1574443 
    574.0000000      0.6552025      0.1871212      0.1576763 
    575.0000000      0.6555785      0.1865133      0.1579082 
    576.0000000      0.6559511      0.1859090      0.1581399 
    577.0000000      0.6563193      0.1853092      0.1583715 
    578.0000000      0.6566824      0.1847146      0.1586030 
    579.0000000      0.6570396      0.1841259      0.1588345 
    580.0000000      0.6573900      0.1835441      0.1590659 
    581.0000000      0.6577329      0.1829697      0.1592974 
    582.0000000      0.6580676      0.1824036      0.1595288 
    583.0000000      0.6583933      0.1818465      0.1597603 
    584.0000000      0.6587093      0.1812989      0.1599918 
    585.0000000      0.6590150      0.1807617      0.1602234 
    586.0000000      0.6593096      0.1802353      0.1604551 
    587.0000000      0.6595927      0.1797204      0.1606869 
    588.0000000      0.6598636      0.1792176      0.1609188 
    589.0000000      0.6601216      0.1787275      0.1611509 
    590.0000000      0.6603664      0.1782505      0.1613831 
    591.0000000      0.6605973      0.1777871      0.1616155 
    592.0000000      0.6608140      0.1773379      0.1618482 
    593.0000000      0.6610158      0.1769031      0.1620810 
    594.0000000      0.6612025      0.1764834      0.1623141 
    595.0000000      0.6613736      0.1760789      0.1625474 
    596.0000000      0.6615288      0.1756901      0.1627810 
    597.0000000      0.6616678      0.1753173      0.1630149 
    598.0000000      0.6617902      0.1749608      0.1632490 
    599.0000000      0.6618958      0.1746207      0.1634835 
    600.0000000      0.6619843      0.1742974      0.1637183 
    601.0000000      0.6620556      0.1739910      0.1639534 
    602.0000000      0.6621095      0.1737017      0.1641888 
    603.0000000      0.6621458      0.1734296      0.1644245 
    604.0000000      0.6621645      0.1731748      0.1646607 
    605.0000000      0.6621655      0.1729374      0.1648971 
    606.0000000      0.6621486      0.1727174      0.1651340 
    607.0000000      0.6621140      0.1725148      0.1653712 
    608.0000000      0.6620617      0.1723296      0.1656087 
    609.0000000      0.6619916      0.1721617      0.1658467 
    610.0000000      0.6619038      0.1720111      0.1660851 
    611.0000000      0.6617985      0.1718777      0.1663238 
    612.0000000      0.6616758      0.1717612      0.1665629 
    613.0000000      0.6615359      0.1716617      0.1668024 
    614.0000000      0.6613789      0.1715787      0.1670423 
    615.0000000      0.6612051      0.1715123      0.1672826 
    616.0000000      0.6610147      0.1714620      0.1675233 
    617.0000000      0.6608080      0.1714277      0.1677644 
    618.0000000      0.6605852      0.1714090      0.1680059 
    619.0000000      0.6603467      0.1714056      0.1682477 
    620.0000000      0.6600928      0.1714173      0.1684899 
    621.0000000      0.6598238      0.1714436      0.1687325 
    622.0000000      0.6595403      0.1714842      0.1689755 
    623.0000000      0.6592425      0.1715387      0.1692189 
    624.0000000      0.6589308      0.1716066      0.1694626 
    625.0000000      0.6586058      0.1716876      0.1697066 
    626.0000000      0.6582679      0.1717811      0.1699510 
    627.0000000      0.6579175      0.1718868      0.1701957 
    628.0000000      0.6575551      0.1720041      0.1704408 
    629.0000000      0.6571813      0.1721326      0.1706862 
    630.0000000      0.6567965      0.1722717      0.1709318 
    631.0000000      0.6564013      0.1724209      0.1711778 
    632.0000000      0.6559962      0.1725797      0.1714241 
    633.0000000      0.6555817      0.1727476      0.1716706 
    634.0000000      0.6551585      0.1729241      0.1719174 
    635.0000000      0.6547271      0.1731085      0.1721645 
    636.0000000      0.6542880      0.1733002      0.1724117 
    637.0000000      0.6538419      0.1734989      0.1726592 
    638.0000000      0.6533893      0.1737038      0.1729070 
    639.0000000      0.6529307      0.1739144      0.1731549 
    640.0000000      0.6524669      0.1741301      0.1734030 
    641.0000000      0.6519984      0.1743504      0.1736512 
    642.0000000      0.6515257      0.1745746      0.1738997 
    643.0000000      0.6510496      0.1748022      0.1741482 
    644.0000000      0.6505705      0.1750327      0.1743969 
